注：上位机为YH-B5512,5512端配40号规约，通信波特率为38400，无校验

遥信功能类型FUN:01
遥信信息起始序号INF:149

遥测功能类型FUN:01
遥测信息起始序号INF:92

遥控功能类型FUN:01
遥控信息起始序号INF:01


1.总召过程：
[00000034]Txd:  68 09 09 68 73 0C 07 81 09 0C FF 00 07 22 16
[00000035]Rxd:  10 10 0C 1C 16 [OK]

[00000036]Txd:  10 5B 0C 67 16
[00000037]Rxd:  68 38 38 68 28 0C 32 18 02 0C 01 5C 00 00 00 00 00 00 00 00 00 00 00 00 00 00 00 00 00 00 00 00 00 00 00 00 00 00 00 00 00 00 00 00 00 00 00 00 00 00 00 00 00 00 00 00 00 00 00 00 E9 16 [OK]

[00000038]Txd:  10 7A 0C 86 16
[00000039]Rxd:  68 18 18 68 28 0C 2C 03 09 0C 01 95 00 00 00 00 00 00 0A 00 02 00 00 00 00 00 00 07 21 16 [OK]

[00000040]Txd:  10 5A 0C 66 16
[00000041]Rxd:  68 09 09 68 08 0C 08 81 0A 0C FF 00 07 B9 16 [OK]

2.遥信变位及SOE：
[00000651]Txd:  10 5B 0C 67 16
[00000652]Rxd:  68 38 38 68 28 0C 32 18 02 0C 01 5C 00 00 00 00 00 00 00 00 00 00 00 00 00 00 00 00 00 00 00 00 00 00 00 00 00 00 00 00 00 00 00 00 00 00 00 00 00 00 00 00 00 00 00 00 00 00 00 00 E9 16 [OK]

[00000653]Txd:  10 7A 0C 86 16
[00000654]Rxd:  68 0A 0A 68 28 0C 28 81 01 0C 01 AF 01 00 9B 16 [OK]

[00000655]Txd:  10 5A 0C 66 16
[00000656]Rxd:  68 0E 0E 68 08 0C 29 81 01 0C 01 AF 01 45 48 18 0F 01 31 16 [OK]

[00000657]Txd:  10 7B 0C 87 16
[00000658]Rxd:  68 38 38 68 08 0C 32 18 02 0C 01 5C 00 00 00 00 00 00 00 00 00 00 00 00 00 00 00 00 00 00 00 00 00 00 00 00 00 00 00 00 00 00 00 00 00 00 00 00 00 00 00 00 00 00 00 00 00 00 00 00 C9 16 [OK]


3.总召过程中的遥信变位及SOE：
[00000832]Txd:  10 5B 0C 67 16
[00000833]Rxd:  68 38 38 68 28 0C 32 18 02 0C 01 5C 00 00 00 00 00 00 00 00 00 00 00 00 00 00 00 00 00 00 00 00 00 00 00 00 00 00 00 00 00 00 00 00 00 00 00 00 00 00 00 00 00 00 00 00 00 00 00 00 E9 16 [OK]

[00000834]Txd:  10 7A 0C 86 16
[00000835]Rxd:  68 0A 0A 68 28 0C 28 81 01 0C 01 AF 00 00 9A 16 [OK]

[00000836]Txd:  10 5A 0C 66 16
[00000837]Rxd:  68 0E 0E 68 28 0C 29 81 01 0C 01 AF 00 E8 7F 19 0F 01 2B 16 [OK]

[00000838]Txd:  10 7A 0C 86 16
[00000839]Rxd:  68 18 18 68 28 0C 2C 03 09 0C 01 95 00 00 00 00 00 00 00 00 04 00 00 00 00 00 00 1C 2E 16 [OK]

[00000840]Txd:  10 5A 0C 66 16
[00000841]Rxd:  68 09 09 68 08 0C 08 81 0A 0C FF 00 1C CE 16 [OK]

[00000842]Txd:  10 7B 0C 87 16
[00000843]Rxd:  68 38 38 68 08 0C 32 18 02 0C 01 5C 00 00 00 00 00 00 00 00 00 00 00 00 00 00 00 00 00 00 00 00 00 00 00 00 00 00 00 00 00 00 00 00 00 00 00 00 00 00 00 00 00 00 00 00 00 00 00 00 C9 16 [OK]

4.两点同时发生遥信变位及SOE：
[00001163]Txd:  10 7B 0C 87 16
[00001164]Rxd:  68 38 38 68 28 0C 32 18 02 0C 01 5C 00 00 00 00 00 00 00 00 00 00 00 00 00 00 00 00 00 00 00 00 00 00 00 00 00 00 00 00 00 00 00 00 00 00 00 00 00 00 00 00 00 00 00 00 00 00 00 00 E9 16 [OK]

[00001165]Txd:  10 5A 0C 66 16
[00001166]Rxd:  68 0A 0A 68 28 0C 28 81 01 0C 01 B1 01 00 9D 16 [OK]

[00001167]Txd:  10 7A 0C 86 16
[00001168]Rxd:  68 0A 0A 68 28 0C 28 81 01 0C 01 AE 01 00 9A 16 [OK]

[00001169]Txd:  10 5A 0C 66 16
[00001170]Rxd:  68 0E 0E 68 28 0C 29 81 01 0C 01 B1 01 F2 E9 1C 0F 01 A5 16 [OK]

[00001171]Txd:  10 7A 0C 86 16
[00001172]Rxd:  68 0E 0E 68 08 0C 29 81 01 0C 01 AE 01 2D EA 1C 0F 01 BE 16 [OK]

[00001173]Txd:  10 5B 0C 67 16
[00001174]Rxd:  68 38 38 68 08 0C 32 18 02 0C 01 5C 00 00 00 00 00 00 00 00 00 00 00 00 00 00 00 00 00 00 00 00 00 00 00 00 00 00 00 00 00 00 00 00 00 00 00 00 00 00 00 00 00 00 00 00 00 00 00 00 C9 16 [OK]

5.初始化过程：
[00000002]Txd:  10 40 0C 4C 16
[00000003]Rxd:  10 20 0C 2C 16 [OK]

[00000004]Txd:  10 7A 0C 86 16
[00000005]Rxd:  68 15 15 68 28 0C 05 81 04 0C B8 03 03 00 00 00 00 00 00 00 00 00 01 06 03 92 16 [OK]

[00000006]Txd:  10 5A 0C 66 16
[00000007]Rxd:  68 15 15 68 08 0C 05 81 05 0C B8 04 03 00 00 00 00 00 00 00 00 00 01 06 03 74 16 [OK]

[00000008]Txd:  68 09 09 68 73 0C 07 81 09 0C FF 00 00 1B 16
[00000009]Rxd:  10 10 0C 1C 16 [OK]

[00000010]Txd:  10 5B 0C 67 16
[00000011]Rxd:  68 38 38 68 28 0C 32 18 02 0C 01 5C 00 00 00 00 00 00 00 00 00 00 00 00 00 00 00 00 00 00 00 00 00 00 00 00 00 00 00 00 00 00 00 00 00 00 00 00 00 00 00 00 00 00 00 00 00 00 00 00 E9 16 [OK]

[00000012]Txd:  10 7A 0C 86 16
[00000013]Rxd:  68 18 18 68 28 0C 2C 03 09 0C 01 95 00 00 00 00 00 00 12 00 12 00 00 00 00 00 00 00 32 16 [OK]

[00000014]Txd:  10 5A 0C 66 16
[00000015]Rxd:  68 09 09 68 08 0C 08 81 0A 0C FF 00 00 B2 16 [OK]

6.遥控合预置过程
[00000343]Txd:  68 0A 0A 68 73 0C 40 01 0C 0C 01 01 82 00 5C 16
[00000344]Rxd:  10 10 0C 1C 16 [OK]

[00000345]Txd:  10 5B 0C 67 16
[00000346]Rxd:  68 38 38 68 28 0C 32 18 02 0C 01 5C 00 00 00 00 00 00 00 00 00 00 00 00 00 00 00 00 00 00 00 00 00 00 00 00 00 00 00 00 00 00 00 00 00 00 00 00 00 00 00 00 00 00 00 00 00 00 00 00 E9 16 [OK]

[00000347]Txd:  10 7A 0C 86 16
[00000348]Rxd:  68 0A 0A 68 08 0C 40 01 0C 0C 01 01 82 00 F1 16 [OK]

[00000349]Txd:  10 5B 0C 67 16
[00000350]Rxd:  68 38 38 68 08 0C 32 18 02 0C 01 5C 00 00 00 00 00 00 00 00 00 00 00 00 00 00 00 00 00 00 00 00 00 00 00 00 00 00 00 00 00 00 00 00 00 00 00 00 00 00 00 00 00 00 00 00 00 00 00 00 C9 16 [OK]

7.遥控合执行过程
[00000359]Txd:  68 0A 0A 68 73 0C 40 01 0C 0C 01 01 02 00 DC 16
[00000360]Rxd:  10 10 0C 1C 16 [OK]

[00000361]Txd:  10 5B 0C 67 16
[00000362]Rxd:  68 38 38 68 28 0C 32 18 02 0C 01 5C 00 00 00 00 00 00 00 00 00 00 00 00 00 00 00 00 00 00 00 00 00 00 00 00 00 00 00 00 00 00 00 00 00 00 00 00 00 00 00 00 00 00 00 00 00 00 00 00 E9 16 [OK]

[00000363]Txd:  10 7A 0C 86 16
[00000364]Rxd:  68 0A 0A 68 08 0C 40 01 0C 0C 01 01 02 00 71 16 [OK]

[00000365]Txd:  10 5B 0C 67 16
[00000366]Rxd:  68 38 38 68 08 0C 32 18 02 0C 01 5C 00 00 00 00 00 00 00 00 00 00 00 00 00 00 00 00 00 00 00 00 00 00 00 00 00 00 00 00 00 00 00 00 00 00 00 00 00 00 00 00 00 00 00 00 00 00 00 00 C9 16 [OK]

8.遥测值报文
[00003711]Txd:  10 7B 0C 87 16
[00003712]Rxd:  68 38 38 68 08 0C 32 18 02 0C 01 5C 00 00 38 06 38 06 38 06 38 06 38 06 38 06 38 06 00 00 00 00 00 00 00 00 00 00 00 00 00 00 00 00 00 00 00 00 00 00 00 00 00 00 00 00 00 00 00 00 7B 16 [OK]

[00003713]Txd:  10 5B 0C 67 16
[00003714]Rxd:  68 38 38 68 08 0C 32 18 02 0C 01 5C 00 00 38 06 38 06 38 06 38 06 38 06 38 06 38 06 00 00 00 00 00 00 00 00 00 00 00 00 00 00 00 00 00 00 00 00 00 00 00 00 00 00 00 00 00 00 00 00 7B 16 [OK]

[00003715]Txd:  10 7B 0C 87 16
[00003716]Rxd:  68 38 38 68 08 0C 32 18 02 0C 01 5C 00 00 38 06 38 06 38 06 38 06 38 06 38 06 38 06 00 00 00 00 00 00 00 00 00 00 00 00 00 00 00 00 00 00 00 00 00 00 00 00 00 00 00 00 00 00 00 00 7B 16 [OK]

[00003717]Txd:  10 5B 0C 67 16
[00003718]Rxd:  68 38 38 68 08 0C 32 18 02 0C 01 5C 00 00 38 06 38 06 38 06 38 06 38 06 38 06 38 06 00 00 00 00 00 00 00 00 00 00 00 00 00 00 00 00 00 00 00 00 00 00 00 00 00 00 00 00 00 00 00 00 7B 16 [OK]




